config=openmp-generic
benchmark=argon_block
scenario=weak_n71_p357911_rho0.8442_dt0.005_steps200_threads_r1_t11_bindclose
run_id=20260426_185327
n_dim=71
atoms=357911
rho=0.8442
steps=200
dt=0.005
ranks=1
threads=11
bind=close
loop_time_s=4.30498
timesteps_per_second=unknown
matom_step_per_second=16.628
cpu_use_percent=1095.3%
pair_time_s=2.1026
neigh_time_s=1.4372
comm_time_s=0.32813
modify_time_s=0.18509
total_neighbors=13503463
neighbor_list_builds=31
wall_time_s=5.503985
