config=intel-native
benchmark=argon_block
scenario=strong_n100_p1000000_rho0.8442_dt0.0000001_steps500_threads_r1_t1_bindclose
run_id=20260426_174418
n_dim=100
atoms=1000000
rho=0.8442
steps=500
dt=0.0000001
ranks=1
threads=1
bind=close
loop_time_s=80.3011
timesteps_per_second=unknown
matom_step_per_second=6.227
cpu_use_percent=100.0%
pair_time_s=71.514
neigh_time_s=0
comm_time_s=1.1498
modify_time_s=4.9981
total_neighbors=40000000
neighbor_list_builds=0
wall_time_s=93.925654
