config=intel-native
benchmark=argon_block
scenario=strong_n100_p1000000_rho0.8442_dt0.005_steps500_mpi_r23_t1_bindclose
run_id=20260426_171020
n_dim=100
atoms=1000000
rho=0.8442
steps=500
dt=0.005
ranks=23
threads=1
bind=close
loop_time_s=6.19741
timesteps_per_second=unknown
matom_step_per_second=80.679
cpu_use_percent=99.9%
pair_time_s=3.5277
neigh_time_s=1.1995
comm_time_s=0.90902
modify_time_s=0.29781
total_neighbors=37710977
neighbor_list_builds=84
wall_time_s=11.371718
