config=intel-native
benchmark=argon_block
scenario=weak_n91_p753571_rho0.8442_dt0.005_steps500_mpi_r23_t1_bindclose
run_id=20260426_171020
n_dim=91
atoms=753571
rho=0.8442
steps=500
dt=0.005
ranks=23
threads=1
bind=close
loop_time_s=4.51277
timesteps_per_second=unknown
matom_step_per_second=83.493
cpu_use_percent=99.9%
pair_time_s=2.5485
neigh_time_s=0.91251
comm_time_s=0.59668
modify_time_s=0.2048
total_neighbors=28419816
neighbor_list_builds=84
wall_time_s=9.110993
