config=openmp-native
benchmark=argon_block
scenario=strong_n100_p1000000_rho0.8442_dt0.0000001_steps500_threads_r1_t37_bindclose
run_id=20260630_175500_strong_rep2
n_dim=100
atoms=1000000
rho=0.8442
steps=500
dt=0.0000001
ranks=1
threads=37
bind=close
loop_time_s=12.5274
timesteps_per_second=unknown
matom_step_per_second=39.912
cpu_use_percent=3678.2%
pair_time_s=6.1055
neigh_time_s=0
comm_time_s=1.1148
modify_time_s=3.3278
total_neighbors=40000000
neighbor_list_builds=0
wall_time_s=16.468095
