config=openmp-native
benchmark=argon_block
scenario=weak_n118_p1643032_rho0.8442_dt0.0000001_steps500_threads_r1_t50_bindclose
run_id=20260426_173411
n_dim=118
atoms=1643032
rho=0.8442
steps=500
dt=0.0000001
ranks=1
threads=50
bind=close
loop_time_s=23.0416
timesteps_per_second=unknown
matom_step_per_second=35.654
cpu_use_percent=4975.4%
pair_time_s=12
neigh_time_s=0
comm_time_s=1.6241
modify_time_s=6.1417
total_neighbors=65721280
neighbor_list_builds=0
wall_time_s=30.353137
