config=openmp-native
benchmark=argon_block
scenario=weak_n102_p1061208_rho0.8442_dt0.0000001_steps500_threads_r1_t32_bindclose
run_id=20260426_173411
n_dim=102
atoms=1061208
rho=0.8442
steps=500
dt=0.0000001
ranks=1
threads=32
bind=close
loop_time_s=12.9748
timesteps_per_second=unknown
matom_step_per_second=40.895
cpu_use_percent=3182.9%
pair_time_s=6.0725
neigh_time_s=0
comm_time_s=1.1411
modify_time_s=3.7045
total_neighbors=42448320
neighbor_list_builds=0
wall_time_s=17.092059
