config=openmp-generic
benchmark=argon_block
scenario=weak_n102_p1061208_rho0.8442_dt0.005_steps200_threads_r1_t32_bindclose
run_id=20260426_185327
n_dim=102
atoms=1061208
rho=0.8442
steps=200
dt=0.005
ranks=1
threads=32
bind=close
loop_time_s=8.39906
timesteps_per_second=unknown
matom_step_per_second=25.270
cpu_use_percent=3184.1%
pair_time_s=3.5729
neigh_time_s=1.7113
comm_time_s=0.91001
modify_time_s=1.4769
total_neighbors=40039356
neighbor_list_builds=32
wall_time_s=11.951290
