config=openmp-generic
benchmark=argon_block
scenario=strong_n160_p4096000_rho0.8442_dt0.005_steps200_threads_r1_t45_bindclose
run_id=20260426_185327
n_dim=160
atoms=4096000
rho=0.8442
steps=200
dt=0.005
ranks=1
threads=45
bind=close
loop_time_s=31.8963
timesteps_per_second=unknown
matom_step_per_second=25.683
cpu_use_percent=4477.7%
pair_time_s=14.195
neigh_time_s=5.2933
comm_time_s=3.8494
modify_time_s=5.5545
total_neighbors=1.5454584e+08
neighbor_list_builds=33
wall_time_s=49.110747
