config=intel-generic
benchmark=argon_block
scenario=strong_n100_p1000000_rho0.8442_dt0.005_steps500_mpi_r6_t1_bindclose
run_id=20260426_171954
n_dim=100
atoms=1000000
rho=0.8442
steps=500
dt=0.005
ranks=6
threads=1
bind=close
loop_time_s=32.6073
timesteps_per_second=unknown
matom_step_per_second=15.334
cpu_use_percent=100.0%
pair_time_s=17.232
neigh_time_s=13.311
comm_time_s=0.83201
modify_time_s=0.7351
total_neighbors=37710977
neighbor_list_builds=84
wall_time_s=39.252730
