config=intel-generic
benchmark=argon_block
scenario=weak_n118_p1643032_rho0.8442_dt0.005_steps500_mpi_r50_t1_bindclose
run_id=20260426_171954
n_dim=118
atoms=1643032
rho=0.8442
steps=500
dt=0.005
ranks=50
threads=1
bind=close
loop_time_s=7.07763
timesteps_per_second=unknown
matom_step_per_second=116.072
cpu_use_percent=99.9%
pair_time_s=3.6261
neigh_time_s=2.6662
comm_time_s=0.35209
modify_time_s=0.22967
total_neighbors=61965197
neighbor_list_builds=84
wall_time_s=14.386716
