config=intel-native
benchmark=argon_block
scenario=strong_n100_p1000000_rho0.8442_dt0.0000001_steps500_threads_r1_t50_bindclose
run_id=20260426_174418
n_dim=100
atoms=1000000
rho=0.8442
steps=500
dt=0.0000001
ranks=1
threads=50
bind=close
loop_time_s=18.9723
timesteps_per_second=unknown
matom_step_per_second=26.354
cpu_use_percent=2969.9%
pair_time_s=7.9308
neigh_time_s=0
comm_time_s=1.1878
modify_time_s=7.2725
total_neighbors=40000000
neighbor_list_builds=0
wall_time_s=26.113298
