config=intel-native
benchmark=force_kernel_bench
scenario=n50_singlecore_steps100
run_id=20260426_171020
n_dim=50
atoms=125000
steps=100
pair_time_s=1.6011
neighbors_per_step=4712572
ns_per_interaction=3.39750777
interactions_per_second=294333396
wall_time_s=4.333283
