config=openmp-native
benchmark=argon_block
scenario=strong_n100_p1000000_rho0.8442_dt0.0000001_steps500_threads_r1_t32_bindclose
run_id=20260630_175500_strong_rep3
n_dim=100
atoms=1000000
rho=0.8442
steps=500
dt=0.0000001
ranks=1
threads=32
bind=close
loop_time_s=12.306
timesteps_per_second=unknown
matom_step_per_second=40.630
cpu_use_percent=3182.9%
pair_time_s=5.7605
neigh_time_s=0
comm_time_s=1.0999
modify_time_s=3.4881
total_neighbors=40000000
neighbor_list_builds=0
wall_time_s=16.175237
