config=intel-native
benchmark=argon_block
scenario=weak_n122_p1815848_rho0.8442_dt0.005_steps500_mpi_r56_t1_bindclose
run_id=20260426_171020
n_dim=122
atoms=1815848
rho=0.8442
steps=500
dt=0.005
ranks=56
threads=1
bind=close
loop_time_s=4.39337
timesteps_per_second=unknown
matom_step_per_second=206.658
cpu_use_percent=99.8%
pair_time_s=2.638
neigh_time_s=0.87225
comm_time_s=0.45746
modify_time_s=0.23261
total_neighbors=68484218
neighbor_list_builds=85
wall_time_s=12.518427
