config=intel-generic
benchmark=argon_block
scenario=strong_n100_p1000000_rho0.8442_dt0.005_steps500_mpi_r6_t1_bindclose
run_id=20260423_230902
n_dim=100
atoms=1000000
rho=0.8442
steps=500
dt=0.005
ranks=6
threads=1
bind=close
loop_time_s=32.5884
timesteps_per_second=unknown
matom_step_per_second=15.343
cpu_use_percent=100.0%
pair_time_s=17.206
neigh_time_s=13.304
comm_time_s=0.8506
modify_time_s=0.73596
total_neighbors=37710977
neighbor_list_builds=84
wall_time_s=38.583441
