config=intel-generic
benchmark=force_kernel_bench
scenario=n50_singlecore_steps100
run_id=20260423_230902
n_dim=50
atoms=125000
steps=100
pair_time_s=2.306
neighbors_per_step=4712572
ns_per_interaction=4.89329394
interactions_per_second=204361318
wall_time_s=3.910823
