config=intel-native
benchmark=argon_block
scenario=weak_n81_p531441_rho0.8442_dt0.0000001_steps500_threads_r1_t16_bindclose
run_id=20260426_174418
n_dim=81
atoms=531441
rho=0.8442
steps=500
dt=0.0000001
ranks=1
threads=16
bind=close
loop_time_s=11.9909
timesteps_per_second=unknown
matom_step_per_second=22.160
cpu_use_percent=752.4%
pair_time_s=7.142
neigh_time_s=0
comm_time_s=0.69659
modify_time_s=2.8341
total_neighbors=21257640
neighbor_list_builds=0
wall_time_s=16.839149
