config=intel-native
benchmark=argon_block
scenario=strong_n100_p1000000_rho0.8442_dt0.005_steps500_mpi_r50_t1_bindclose
run_id=20260426_171020
n_dim=100
atoms=1000000
rho=0.8442
steps=500
dt=0.005
ranks=50
threads=1
bind=close
loop_time_s=2.52601
timesteps_per_second=unknown
matom_step_per_second=197.941
cpu_use_percent=99.9%
pair_time_s=1.5097
neigh_time_s=0.51716
comm_time_s=0.30193
modify_time_s=0.092855
total_neighbors=37710977
neighbor_list_builds=84
wall_time_s=8.632286
