config=openmp-native
benchmark=argon_block
scenario=weak_n58_p195112_rho0.8442_dt0.0000001_steps500_threads_r1_t6_bindclose
run_id=20260423_232207
n_dim=58
atoms=195112
rho=0.8442
steps=500
dt=0.0000001
ranks=1
threads=6
bind=close
loop_time_s=2.97496
timesteps_per_second=unknown
matom_step_per_second=32.792
cpu_use_percent=598.1%
pair_time_s=2.2978
neigh_time_s=0
comm_time_s=0.21264
modify_time_s=0.20856
total_neighbors=7804480
neighbor_list_builds=0
wall_time_s=3.814749
