config=intel-native
benchmark=argon_block
scenario=strong_n100_p1000000_rho0.8442_dt0.005_steps500_mpi_r8_t1_bindclose
run_id=20260423_230021
n_dim=100
atoms=1000000
rho=0.8442
steps=500
dt=0.005
ranks=8
threads=1
bind=close
loop_time_s=14.4251
timesteps_per_second=unknown
matom_step_per_second=34.662
cpu_use_percent=100.0%
pair_time_s=9.3542
neigh_time_s=3.1416
comm_time_s=1.0524
modify_time_s=0.51383
total_neighbors=37710977
neighbor_list_builds=84
wall_time_s=19.770120
