config=intel-native
benchmark=argon_block
scenario=strong_n100_p1000000_rho0.8442_dt0.0000001_steps500_threads_r1_t32_bindclose
run_id=20260426_174418
n_dim=100
atoms=1000000
rho=0.8442
steps=500
dt=0.0000001
ranks=1
threads=32
bind=close
loop_time_s=18.0388
timesteps_per_second=unknown
matom_step_per_second=27.718
cpu_use_percent=1885.0%
pair_time_s=8.4942
neigh_time_s=0
comm_time_s=1.1214
modify_time_s=5.9794
total_neighbors=40000000
neighbor_list_builds=0
wall_time_s=24.880498
