config=openmp-native
benchmark=force_kernel_bench
scenario=n50_singlecore_steps100
run_id=20260630_175500_force_rep2
n_dim=50
atoms=125000
steps=100
pair_time_s=1.9234
neighbors_per_step=4712572
ns_per_interaction=4.08142305
interactions_per_second=245012582
wall_time_s=2.328504
