config=openmp-generic
benchmark=argon_block
scenario=weak_n91_p753571_rho0.8442_dt0.005_steps200_threads_r1_t23_bindclose
run_id=20260426_185327
n_dim=91
atoms=753571
rho=0.8442
steps=200
dt=0.005
ranks=1
threads=23
bind=close
loop_time_s=6.41951
timesteps_per_second=unknown
matom_step_per_second=23.478
cpu_use_percent=2288.8%
pair_time_s=2.758
neigh_time_s=1.6179
comm_time_s=0.66331
modify_time_s=0.85837
total_neighbors=28428992
neighbor_list_builds=32
wall_time_s=8.832390
