config=openmp-native
benchmark=argon_block
scenario=weak_n81_p531441_rho0.8442_dt0.0000001_steps500_threads_r1_t16_bindclose
run_id=20260630_175500_weak_rep3
n_dim=81
atoms=531441
rho=0.8442
steps=500
dt=0.0000001
ranks=1
threads=16
bind=close
loop_time_s=5.77415
timesteps_per_second=unknown
matom_step_per_second=46.019
cpu_use_percent=1589.4%
pair_time_s=3.0494
neigh_time_s=0
comm_time_s=0.64015
modify_time_s=1.0418
total_neighbors=21257640
neighbor_list_builds=0
wall_time_s=7.661062
