config=intel-native
benchmark=argon_block
scenario=weak_n91_p753571_rho0.8442_dt0.0000001_steps500_threads_r1_t23_bindclose
run_id=20260426_174418
n_dim=91
atoms=753571
rho=0.8442
steps=500
dt=0.0000001
ranks=1
threads=23
bind=close
loop_time_s=17.0668
timesteps_per_second=unknown
matom_step_per_second=22.077
cpu_use_percent=1229.8%
pair_time_s=8.1095
neigh_time_s=0
comm_time_s=1.0877
modify_time_s=6.0056
total_neighbors=30142840
neighbor_list_builds=0
wall_time_s=23.060978
