config=intel-generic
benchmark=argon_block
scenario=weak_n102_p1061208_rho0.8442_dt0.005_steps500_mpi_r32_t1_bindclose
run_id=20260423_230902
n_dim=102
atoms=1061208
rho=0.8442
steps=500
dt=0.005
ranks=32
threads=1
bind=close
loop_time_s=6.66391
timesteps_per_second=unknown
matom_step_per_second=79.623
cpu_use_percent=99.9%
pair_time_s=3.4102
neigh_time_s=2.6505
comm_time_s=0.29937
modify_time_s=0.15887
total_neighbors=40022909
neighbor_list_builds=84
wall_time_s=12.452519
