config=intel-native
benchmark=argon_block
scenario=weak_n107_p1225043_rho0.8442_dt0.005_steps500_mpi_r37_t1_bindclose
run_id=20260426_171020
n_dim=107
atoms=1225043
rho=0.8442
steps=500
dt=0.005
ranks=37
threads=1
bind=close
loop_time_s=5.575
timesteps_per_second=unknown
matom_step_per_second=109.869
cpu_use_percent=99.9%
pair_time_s=2.9871
neigh_time_s=0.98632
comm_time_s=0.95901
modify_time_s=0.32737
total_neighbors=46197997
neighbor_list_builds=84
wall_time_s=11.728510
