config=openmp-generic
benchmark=argon_block
scenario=strong_n160_p4096000_rho0.8442_dt0.005_steps200_threads_r1_t56_bindclose
run_id=20260426_185327
n_dim=160
atoms=4096000
rho=0.8442
steps=200
dt=0.005
ranks=1
threads=56
bind=close
loop_time_s=33.6724
timesteps_per_second=unknown
matom_step_per_second=24.329
cpu_use_percent=5571.8%
pair_time_s=15.206
neigh_time_s=4.5983
comm_time_s=3.8323
modify_time_s=6.9806
total_neighbors=1.5454584e+08
neighbor_list_builds=33
wall_time_s=52.592785
