config=openmp-generic
benchmark=argon_block
scenario=strong_n160_p4096000_rho0.8442_dt0.005_steps200_threads_r1_t8_bindclose
run_id=20260426_185327
n_dim=160
atoms=4096000
rho=0.8442
steps=200
dt=0.005
ranks=1
threads=8
bind=close
loop_time_s=66.8262
timesteps_per_second=unknown
matom_step_per_second=12.259
cpu_use_percent=798.0%
pair_time_s=33.261
neigh_time_s=23.223
comm_time_s=3.9272
modify_time_s=3.2658
total_neighbors=1.5454584e+08
neighbor_list_builds=33
wall_time_s=81.393029
