config=intel-native
benchmark=argon_block
scenario=weak_n71_p357911_rho0.8442_dt0.005_steps500_mpi_r11_t1_bindclose
run_id=20260423_230021
n_dim=71
atoms=357911
rho=0.8442
steps=500
dt=0.005
ranks=11
threads=1
bind=close
loop_time_s=4.06898
timesteps_per_second=unknown
matom_step_per_second=43.980
cpu_use_percent=100.0%
pair_time_s=2.5638
neigh_time_s=0.8472
comm_time_s=0.41286
modify_time_s=0.12096
total_neighbors=13496398
neighbor_list_builds=83
wall_time_s=7.550395
