config=openmp-native
benchmark=argon_block
scenario=weak_n114_p1481544_rho0.8442_dt0.0000001_steps500_threads_r1_t45_bindclose
run_id=20260426_173411
n_dim=114
atoms=1481544
rho=0.8442
steps=500
dt=0.0000001
ranks=1
threads=45
bind=close
loop_time_s=19.5076
timesteps_per_second=unknown
matom_step_per_second=37.973
cpu_use_percent=4476.7%
pair_time_s=10.041
neigh_time_s=0
comm_time_s=1.5114
modify_time_s=4.9872
total_neighbors=59261760
neighbor_list_builds=0
wall_time_s=25.771309
