config=openmp-generic
benchmark=argon_block
scenario=strong_n160_p4096000_rho0.8442_dt0.005_steps200_threads_r1_t16_bindclose
run_id=20260426_185327
n_dim=160
atoms=4096000
rho=0.8442
steps=200
dt=0.005
ranks=1
threads=16
bind=close
loop_time_s=42.2344
timesteps_per_second=unknown
matom_step_per_second=19.397
cpu_use_percent=1593.7%
pair_time_s=18.918
neigh_time_s=12.335
comm_time_s=3.8989
modify_time_s=3.9892
total_neighbors=1.5454584e+08
neighbor_list_builds=33
wall_time_s=56.236891
