config=openmp-native
benchmark=force_kernel_bench
scenario=n50_singlecore_steps100
run_id=20260630_013656_force_rep3
n_dim=50
atoms=125000
steps=100
pair_time_s=2.0132
neighbors_per_step=4712572
ns_per_interaction=4.27197717
interactions_per_second=234083648
wall_time_s=2.504767
