config=openmp-generic
benchmark=argon_block
scenario=strong_n160_p4096000_rho0.8442_dt0.005_steps200_threads_r1_t3_bindclose
run_id=20260426_185327
n_dim=160
atoms=4096000
rho=0.8442
steps=200
dt=0.005
ranks=1
threads=3
bind=close
loop_time_s=155.332
timesteps_per_second=unknown
matom_step_per_second=5.274
cpu_use_percent=299.5%
pair_time_s=84.292
neigh_time_s=59.528
comm_time_s=3.9344
modify_time_s=4.3304
total_neighbors=1.5454584e+08
neighbor_list_builds=33
wall_time_s=175.244404
