config=openmp-native
benchmark=argon_block
scenario=weak_n91_p753571_rho0.8442_dt0.0000001_steps500_threads_r1_t23_bindclose
run_id=20260630_175500_weak_rep3
n_dim=91
atoms=753571
rho=0.8442
steps=500
dt=0.0000001
ranks=1
threads=23
bind=close
loop_time_s=10.06
timesteps_per_second=unknown
matom_step_per_second=37.454
cpu_use_percent=2280.9%
pair_time_s=5.6017
neigh_time_s=0
comm_time_s=0.85221
modify_time_s=2.1334
total_neighbors=30142840
neighbor_list_builds=0
wall_time_s=12.832187
