config=openmp-generic
benchmark=argon_block
scenario=weak_n107_p1225043_rho0.8442_dt0.005_steps200_threads_r1_t37_bindclose
run_id=20260426_185327
n_dim=107
atoms=1225043
rho=0.8442
steps=200
dt=0.005
ranks=1
threads=37
bind=close
loop_time_s=9.39876
timesteps_per_second=unknown
matom_step_per_second=26.068
cpu_use_percent=3682.5%
pair_time_s=4.1399
neigh_time_s=1.7218
comm_time_s=1.0195
modify_time_s=1.6777
total_neighbors=46220259
neighbor_list_builds=31
wall_time_s=13.613452
