config=intel-native
benchmark=argon_block
scenario=weak_n91_p753571_rho0.8442_dt0.005_steps500_mpi_r23_t1_bindclose
run_id=20260423_230021
n_dim=91
atoms=753571
rho=0.8442
steps=500
dt=0.005
ranks=23
threads=1
bind=close
loop_time_s=4.578
timesteps_per_second=unknown
matom_step_per_second=82.303
cpu_use_percent=99.9%
pair_time_s=2.5625
neigh_time_s=0.91225
comm_time_s=0.60427
modify_time_s=0.20288
total_neighbors=28419816
neighbor_list_builds=84
wall_time_s=9.255736
