config=intel-generic
benchmark=argon_block
scenario=strong_n100_p1000000_rho0.8442_dt0.005_steps500_mpi_r8_t1_bindclose
run_id=20260426_171954
n_dim=100
atoms=1000000
rho=0.8442
steps=500
dt=0.005
ranks=8
threads=1
bind=close
loop_time_s=24.3787
timesteps_per_second=unknown
matom_step_per_second=20.510
cpu_use_percent=100.0%
pair_time_s=12.816
neigh_time_s=9.9791
comm_time_s=0.66468
modify_time_s=0.54361
total_neighbors=37710977
neighbor_list_builds=84
wall_time_s=30.395528
