config=openmp-generic
benchmark=argon_block
scenario=weak_n81_p531441_rho0.8442_dt0.005_steps200_threads_r1_t16_bindclose
run_id=20260426_185327
n_dim=81
atoms=531441
rho=0.8442
steps=200
dt=0.005
ranks=1
threads=16
bind=close
loop_time_s=5.18932
timesteps_per_second=unknown
matom_step_per_second=20.482
cpu_use_percent=1593.0%
pair_time_s=2.3633
neigh_time_s=1.5481
comm_time_s=0.47469
modify_time_s=0.42948
total_neighbors=20049638
neighbor_list_builds=32
wall_time_s=6.927594
