config=openmp-native
benchmark=argon_block
scenario=weak_n71_p357911_rho0.8442_dt0.0000001_steps500_threads_r1_t11_bindclose
run_id=20260426_173411
n_dim=71
atoms=357911
rho=0.8442
steps=500
dt=0.0000001
ranks=1
threads=11
bind=close
loop_time_s=4.03745
timesteps_per_second=unknown
matom_step_per_second=44.324
cpu_use_percent=1097.2%
pair_time_s=2.4677
neigh_time_s=0
comm_time_s=0.44614
modify_time_s=0.43027
total_neighbors=14316440
neighbor_list_builds=0
wall_time_s=5.331227
