config=openmp-native
benchmark=argon_block
scenario=weak_n64_p262144_rho0.8442_dt0.0000001_steps500_threads_r1_t8_bindclose
run_id=20260426_173411
n_dim=64
atoms=262144
rho=0.8442
steps=500
dt=0.0000001
ranks=1
threads=8
bind=close
loop_time_s=3.31811
timesteps_per_second=unknown
matom_step_per_second=39.502
cpu_use_percent=795.5%
pair_time_s=2.2842
neigh_time_s=0
comm_time_s=0.31699
modify_time_s=0.27296
total_neighbors=10485760
neighbor_list_builds=0
wall_time_s=4.342443
