config=intel-native
benchmark=force_kernel_bench
scenario=n50_singlecore_steps100
run_id=20260423_224506
n_dim=50
atoms=125000
steps=100
pair_time_s=1.5974
neighbors_per_step=4712572
ns_per_interaction=3.38965643
interactions_per_second=295015150
wall_time_s=4.516377
