config=openmp-native
benchmark=argon_block
scenario=strong_n100_p1000000_rho0.8442_dt0.0000001_steps500_threads_r1_t32_bindclose
run_id=20260426_173411
n_dim=100
atoms=1000000
rho=0.8442
steps=500
dt=0.0000001
ranks=1
threads=32
bind=close
loop_time_s=12.2864
timesteps_per_second=unknown
matom_step_per_second=40.695
cpu_use_percent=3183.7%
pair_time_s=5.7515
neigh_time_s=0
comm_time_s=1.1008
modify_time_s=3.472
total_neighbors=40000000
neighbor_list_builds=0
wall_time_s=16.119808
