config=openmp-native
benchmark=argon_block
scenario=weak_n71_p357911_rho0.8442_dt0.005_steps500_threads_r1_t11_bindclose
run_id=20260630_013656_weak_rep2
n_dim=71
atoms=357911
rho=0.8442
steps=500
dt=0.005
ranks=1
threads=11
bind=close
loop_time_s=11.0611
timesteps_per_second=unknown
matom_step_per_second=16.179
cpu_use_percent=1095.9%
pair_time_s=5.2017
neigh_time_s=3.9637
comm_time_s=0.83578
modify_time_s=0.45717
total_neighbors=13496398
neighbor_list_builds=83
wall_time_s=12.871230
