config=openmp-generic
benchmark=force_kernel_bench
scenario=n50_singlecore_steps100
run_id=20260426_154806
n_dim=50
atoms=125000
steps=100
pair_time_s=2.0504
neighbors_per_step=4712572
ns_per_interaction=4.35091496
interactions_per_second=229836715
wall_time_s=2.487055
