config=openmp-generic
benchmark=argon_block
scenario=strong_n160_p4096000_rho0.8442_dt0.005_steps200_threads_r1_t6_bindclose
run_id=20260426_185327
n_dim=160
atoms=4096000
rho=0.8442
steps=200
dt=0.005
ranks=1
threads=6
bind=close
loop_time_s=84.0536
timesteps_per_second=unknown
matom_step_per_second=9.746
cpu_use_percent=598.7%
pair_time_s=43.258
neigh_time_s=30.369
comm_time_s=3.9244
modify_time_s=3.3351
total_neighbors=1.5454584e+08
neighbor_list_builds=33
wall_time_s=99.911630
