config=openmp-generic
benchmark=argon_block
scenario=strong_n160_p4096000_rho0.8442_dt0.005_steps200_threads_r1_t4_bindclose
run_id=20260426_185327
n_dim=160
atoms=4096000
rho=0.8442
steps=200
dt=0.005
ranks=1
threads=4
bind=close
loop_time_s=119.544
timesteps_per_second=unknown
matom_step_per_second=6.853
cpu_use_percent=399.3%
pair_time_s=63.695
neigh_time_s=44.937
comm_time_s=3.9252
modify_time_s=3.7857
total_neighbors=1.5454584e+08
neighbor_list_builds=33
wall_time_s=137.125432
