config=intel-generic
benchmark=argon_block
scenario=strong_n100_p1000000_rho0.8442_dt0.005_steps500_mpi_r32_t1_bindclose
run_id=20260426_171954
n_dim=100
atoms=1000000
rho=0.8442
steps=500
dt=0.005
ranks=32
threads=1
bind=close
loop_time_s=6.23839
timesteps_per_second=unknown
matom_step_per_second=80.149
cpu_use_percent=99.9%
pair_time_s=3.1844
neigh_time_s=2.5042
comm_time_s=0.28115
modify_time_s=0.14469
total_neighbors=37710977
neighbor_list_builds=84
wall_time_s=11.719407
