config=intel-native
benchmark=argon_block
scenario=weak_n107_p1225043_rho0.8442_dt0.0000001_steps500_threads_r1_t37_bindclose
run_id=20260426_174418
n_dim=107
atoms=1225043
rho=0.8442
steps=500
dt=0.0000001
ranks=1
threads=37
bind=close
loop_time_s=21.1121
timesteps_per_second=unknown
matom_step_per_second=29.013
cpu_use_percent=2165.1%
pair_time_s=8.9557
neigh_time_s=0
comm_time_s=1.2981
modify_time_s=7.7876
total_neighbors=49001720
neighbor_list_builds=0
wall_time_s=29.001694
