config=intel-generic
benchmark=argon_block
scenario=strong_n100_p1000000_rho0.8442_dt0.005_steps500_mpi_r45_t1_bindclose
run_id=20260426_171954
n_dim=100
atoms=1000000
rho=0.8442
steps=500
dt=0.005
ranks=45
threads=1
bind=close
loop_time_s=4.4678
timesteps_per_second=unknown
matom_step_per_second=111.912
cpu_use_percent=99.9%
pair_time_s=2.2569
neigh_time_s=1.7771
comm_time_s=0.23214
modify_time_s=0.10434
total_neighbors=37710977
neighbor_list_builds=84
wall_time_s=10.934924
