config=intel-generic
benchmark=argon_block
scenario=strong_n100_p1000000_rho0.8442_dt0.005_steps500_mpi_r56_t1_bindclose
run_id=20260423_230902
n_dim=100
atoms=1000000
rho=0.8442
steps=500
dt=0.005
ranks=56
threads=1
bind=close
loop_time_s=3.68381
timesteps_per_second=unknown
matom_step_per_second=135.729
cpu_use_percent=99.9%
pair_time_s=1.8203
neigh_time_s=1.4398
comm_time_s=0.2316
modify_time_s=0.089657
total_neighbors=37710977
neighbor_list_builds=84
wall_time_s=10.012525
