config=openmp-native
benchmark=argon_block
scenario=weak_n58_p195112_rho0.8442_dt0.0000001_steps500_threads_r1_t6_bindclose
run_id=20260426_173411
n_dim=58
atoms=195112
rho=0.8442
steps=500
dt=0.0000001
ranks=1
threads=6
bind=close
loop_time_s=3.06522
timesteps_per_second=unknown
matom_step_per_second=31.827
cpu_use_percent=597.5%
pair_time_s=2.3863
neigh_time_s=0
comm_time_s=0.20743
modify_time_s=0.20981
total_neighbors=7804480
neighbor_list_builds=0
wall_time_s=3.916208
