config=openmp-native
benchmark=argon_block
scenario=weak_n51_p132651_rho0.8442_dt0.0000001_steps500_threads_r1_t4_bindclose
run_id=20260423_232207
n_dim=51
atoms=132651
rho=0.8442
steps=500
dt=0.0000001
ranks=1
threads=4
bind=close
loop_time_s=3.31959
timesteps_per_second=unknown
matom_step_per_second=19.980
cpu_use_percent=398.7%
pair_time_s=2.8247
neigh_time_s=0
comm_time_s=0.15581
modify_time_s=0.17674
total_neighbors=5306040
neighbor_list_builds=0
wall_time_s=4.010519
