config=intel-generic
benchmark=argon_block
scenario=weak_n81_p531441_rho0.8442_dt0.005_steps500_mpi_r16_t1_bindclose
run_id=20260426_171954
n_dim=81
atoms=531441
rho=0.8442
steps=500
dt=0.005
ranks=16
threads=1
bind=close
loop_time_s=6.44531
timesteps_per_second=unknown
matom_step_per_second=41.227
cpu_use_percent=99.9%
pair_time_s=3.3524
neigh_time_s=2.642
comm_time_s=0.23939
modify_time_s=0.11517
total_neighbors=20041294
neighbor_list_builds=84
wall_time_s=10.344768
