config=openmp-native
benchmark=argon_block
scenario=weak_n102_p1061208_rho0.8442_dt0.0000001_steps500_threads_r1_t32_bindclose
run_id=20260630_175500_weak_rep2
n_dim=102
atoms=1061208
rho=0.8442
steps=500
dt=0.0000001
ranks=1
threads=32
bind=close
loop_time_s=13.0334
timesteps_per_second=unknown
matom_step_per_second=40.711
cpu_use_percent=3181.4%
pair_time_s=6.0977
neigh_time_s=0
comm_time_s=1.1451
modify_time_s=3.7092
total_neighbors=42448320
neighbor_list_builds=0
wall_time_s=17.172560
