config=intel-native
benchmark=argon_block
scenario=weak_n58_p195112_rho0.8442_dt0.0000001_steps500_threads_r1_t6_bindclose
run_id=20260426_174418
n_dim=58
atoms=195112
rho=0.8442
steps=500
dt=0.0000001
ranks=1
threads=6
bind=close
loop_time_s=4.56989
timesteps_per_second=unknown
matom_step_per_second=21.348
cpu_use_percent=408.5%
pair_time_s=3.0269
neigh_time_s=0
comm_time_s=0.26985
modify_time_s=0.8099
total_neighbors=7804480
neighbor_list_builds=0
wall_time_s=7.938753
