config=openmp-native
benchmark=argon_block
scenario=weak_n71_p357911_rho0.8442_dt0.005_steps500_threads_r1_t11_bindclose
run_id=20260630_013656_weak_rep3
n_dim=71
atoms=357911
rho=0.8442
steps=500
dt=0.005
ranks=1
threads=11
bind=close
loop_time_s=11.0485
timesteps_per_second=unknown
matom_step_per_second=16.197
cpu_use_percent=1096.1%
pair_time_s=5.1863
neigh_time_s=3.9638
comm_time_s=0.83206
modify_time_s=0.46332
total_neighbors=13496398
neighbor_list_builds=83
wall_time_s=12.862342
