config=intel-native
benchmark=force_kernel_bench
scenario=n50_singlecore_steps100
run_id=20260630_024117_force_rep2
n_dim=50
atoms=125000
steps=100
pair_time_s=1.598
neighbors_per_step=4712572
ns_per_interaction=3.39092962
interactions_per_second=294904380
wall_time_s=3.134068
