config=intel-generic
benchmark=argon_block
scenario=strong_n100_p1000000_rho0.8442_dt0.005_steps500_mpi_r16_t1_bindclose
run_id=20260426_171954
n_dim=100
atoms=1000000
rho=0.8442
steps=500
dt=0.005
ranks=16
threads=1
bind=close
loop_time_s=12.3763
timesteps_per_second=unknown
matom_step_per_second=40.400
cpu_use_percent=99.9%
pair_time_s=6.4489
neigh_time_s=5.0058
comm_time_s=0.42157
modify_time_s=0.29141
total_neighbors=37710977
neighbor_list_builds=84
wall_time_s=17.457647
