config=openmp-native
benchmark=argon_block
scenario=weak_n64_p262144_rho0.8442_dt0.0000001_steps500_threads_r1_t8_bindclose
run_id=20260423_232207
n_dim=64
atoms=262144
rho=0.8442
steps=500
dt=0.0000001
ranks=1
threads=8
bind=close
loop_time_s=3.32985
timesteps_per_second=unknown
matom_step_per_second=39.363
cpu_use_percent=797.1%
pair_time_s=2.2782
neigh_time_s=0
comm_time_s=0.32067
modify_time_s=0.26243
total_neighbors=10485760
neighbor_list_builds=0
wall_time_s=4.346598
