config=intel-generic
benchmark=argon_block
scenario=weak_n71_p357911_rho0.8442_dt0.005_steps500_mpi_r11_t1_bindclose
run_id=20260423_230902
n_dim=71
atoms=357911
rho=0.8442
steps=500
dt=0.005
ranks=11
threads=1
bind=close
loop_time_s=6.62006
timesteps_per_second=unknown
matom_step_per_second=27.032
cpu_use_percent=99.9%
pair_time_s=3.4137
neigh_time_s=2.6375
comm_time_s=0.31492
modify_time_s=0.12266
total_neighbors=13496398
neighbor_list_builds=83
wall_time_s=9.818698
