config=openmp-generic
benchmark=argon_block
scenario=strong_n160_p4096000_rho0.8442_dt0.005_steps200_threads_r1_t11_bindclose
run_id=20260426_185327
n_dim=160
atoms=4096000
rho=0.8442
steps=200
dt=0.005
ranks=1
threads=11
bind=close
loop_time_s=52.9389
timesteps_per_second=unknown
matom_step_per_second=15.474
cpu_use_percent=1096.5%
pair_time_s=25.222
neigh_time_s=17.264
comm_time_s=3.9132
modify_time_s=3.4094
total_neighbors=1.5454584e+08
neighbor_list_builds=33
wall_time_s=67.012255
