config=intel-generic
benchmark=argon_block
scenario=weak_n91_p753571_rho0.8442_dt0.005_steps500_mpi_r23_t1_bindclose
run_id=20260423_230902
n_dim=91
atoms=753571
rho=0.8442
steps=500
dt=0.005
ranks=23
threads=1
bind=close
loop_time_s=7.61832
timesteps_per_second=unknown
matom_step_per_second=49.458
cpu_use_percent=99.9%
pair_time_s=3.8653
neigh_time_s=2.7426
comm_time_s=0.55592
modify_time_s=0.20857
total_neighbors=28419816
neighbor_list_builds=84
wall_time_s=12.438737
