config=intel-native
benchmark=argon_block
scenario=weak_n102_p1061208_rho0.8442_dt0.0000001_steps500_threads_r1_t32_bindclose
run_id=20260426_174418
n_dim=102
atoms=1061208
rho=0.8442
steps=500
dt=0.0000001
ranks=1
threads=32
bind=close
loop_time_s=19.8667
timesteps_per_second=unknown
matom_step_per_second=26.708
cpu_use_percent=1848.5%
pair_time_s=9.2288
neigh_time_s=0
comm_time_s=1.2073
modify_time_s=6.8179
total_neighbors=42448320
neighbor_list_builds=0
wall_time_s=27.021187
