config=intel-generic
benchmark=argon_block
scenario=strong_n100_p1000000_rho0.8442_dt0.005_steps500_mpi_r23_t1_bindclose
run_id=20260423_230902
n_dim=100
atoms=1000000
rho=0.8442
steps=500
dt=0.005
ranks=23
threads=1
bind=close
loop_time_s=10.5248
timesteps_per_second=unknown
matom_step_per_second=47.507
cpu_use_percent=99.9%
pair_time_s=5.4045
neigh_time_s=3.6526
comm_time_s=0.89097
modify_time_s=0.29592
total_neighbors=37710977
neighbor_list_builds=84
wall_time_s=15.884574
