config=openmp-native
benchmark=argon_block
scenario=weak_n107_p1225043_rho0.8442_dt0.0000001_steps500_threads_r1_t37_bindclose
run_id=20260630_175500_weak_rep2
n_dim=107
atoms=1225043
rho=0.8442
steps=500
dt=0.0000001
ranks=1
threads=37
bind=close
loop_time_s=17.005
timesteps_per_second=unknown
matom_step_per_second=36.020
cpu_use_percent=3672.8%
pair_time_s=9.2082
neigh_time_s=0
comm_time_s=1.2935
modify_time_s=4.1235
total_neighbors=49001720
neighbor_list_builds=0
wall_time_s=21.959429
