config=intel-native
benchmark=argon_block
scenario=weak_n114_p1481544_rho0.8442_dt0.005_steps500_mpi_r45_t1_bindclose
run_id=20260426_171020
n_dim=114
atoms=1481544
rho=0.8442
steps=500
dt=0.005
ranks=45
threads=1
bind=close
loop_time_s=4.26395
timesteps_per_second=unknown
matom_step_per_second=173.729
cpu_use_percent=99.8%
pair_time_s=2.5845
neigh_time_s=0.87848
comm_time_s=0.44798
modify_time_s=0.18588
total_neighbors=55874636
neighbor_list_builds=85
wall_time_s=11.465422
