config=intel-native
benchmark=argon_block
scenario=weak_n102_p1061208_rho0.8442_dt0.005_steps500_mpi_r32_t1_bindclose
run_id=20260426_171020
n_dim=102
atoms=1061208
rho=0.8442
steps=500
dt=0.005
ranks=32
threads=1
bind=close
loop_time_s=4.0096
timesteps_per_second=unknown
matom_step_per_second=132.333
cpu_use_percent=99.9%
pair_time_s=2.4706
neigh_time_s=0.85912
comm_time_s=0.39594
modify_time_s=0.1501
total_neighbors=40022909
neighbor_list_builds=84
wall_time_s=9.390373
