config=intel-native
benchmark=argon_block
scenario=strong_n100_p1000000_rho0.8442_dt0.005_steps500_mpi_r6_t1_bindclose
run_id=20260426_171020
n_dim=100
atoms=1000000
rho=0.8442
steps=500
dt=0.005
ranks=6
threads=1
bind=close
loop_time_s=18.35
timesteps_per_second=unknown
matom_step_per_second=27.248
cpu_use_percent=100.0%
pair_time_s=11.687
neigh_time_s=4.1635
comm_time_s=1.3046
modify_time_s=0.71189
total_neighbors=37710977
neighbor_list_builds=84
wall_time_s=24.198866
