config=intel-native
benchmark=argon_block
scenario=strong_n100_p1000000_rho0.8442_dt0.005_steps500_mpi_r32_t1_bindclose
run_id=20260426_171020
n_dim=100
atoms=1000000
rho=0.8442
steps=500
dt=0.005
ranks=32
threads=1
bind=close
loop_time_s=3.77343
timesteps_per_second=unknown
matom_step_per_second=132.505
cpu_use_percent=99.9%
pair_time_s=2.3403
neigh_time_s=0.81393
comm_time_s=0.35747
modify_time_s=0.13714
total_neighbors=37710977
neighbor_list_builds=84
wall_time_s=9.092212
