config=openmp-native
benchmark=argon_block
scenario=strong_n100_p1000000_rho0.8442_dt0.0000001_steps500_threads_r1_t16_bindclose
run_id=20260630_175500_strong_rep1
n_dim=100
atoms=1000000
rho=0.8442
steps=500
dt=0.0000001
ranks=1
threads=16
bind=close
loop_time_s=11.181
timesteps_per_second=unknown
matom_step_per_second=44.719
cpu_use_percent=1591.8%
pair_time_s=5.9171
neigh_time_s=0
comm_time_s=1.0661
modify_time_s=2.2929
total_neighbors=40000000
neighbor_list_builds=0
wall_time_s=14.773027
