config=intel-native
benchmark=argon_block
scenario=strong_n100_p1000000_rho0.8442_dt0.0000001_steps500_threads_r1_t16_bindclose
run_id=20260426_174418
n_dim=100
atoms=1000000
rho=0.8442
steps=500
dt=0.0000001
ranks=1
threads=16
bind=close
loop_time_s=21.6077
timesteps_per_second=unknown
matom_step_per_second=23.140
cpu_use_percent=874.2%
pair_time_s=10.627
neigh_time_s=0
comm_time_s=1.3236
modify_time_s=7.1563
total_neighbors=40000000
neighbor_list_builds=0
wall_time_s=28.624456
