config=intel-generic
benchmark=argon_block
scenario=weak_n122_p1815848_rho0.8442_dt0.005_steps500_mpi_r56_t1_bindclose
run_id=20260423_230902
n_dim=122
atoms=1815848
rho=0.8442
steps=500
dt=0.005
ranks=56
threads=1
bind=close
loop_time_s=7.18107
timesteps_per_second=unknown
matom_step_per_second=126.433
cpu_use_percent=99.9%
pair_time_s=3.679
neigh_time_s=2.6657
comm_time_s=0.375
modify_time_s=0.25128
total_neighbors=68484218
neighbor_list_builds=85
wall_time_s=15.730563
