config=intel-native
benchmark=argon_block
scenario=weak_n58_p195112_rho0.8442_dt0.005_steps500_mpi_r6_t1_bindclose
run_id=20260423_230021
n_dim=58
atoms=195112
rho=0.8442
steps=500
dt=0.005
ranks=6
threads=1
bind=close
loop_time_s=3.69613
timesteps_per_second=unknown
matom_step_per_second=26.394
cpu_use_percent=100.0%
pair_time_s=2.4392
neigh_time_s=0.82403
comm_time_s=0.26238
modify_time_s=0.10384
total_neighbors=7357822
neighbor_list_builds=83
wall_time_s=6.817191
