config=intel-native
benchmark=argon_block
scenario=weak_n51_p132651_rho0.8442_dt0.0000001_steps500_threads_r1_t4_bindclose
run_id=20260426_174418
n_dim=51
atoms=132651
rho=0.8442
steps=500
dt=0.0000001
ranks=1
threads=4
bind=close
loop_time_s=3.79875
timesteps_per_second=unknown
matom_step_per_second=17.460
cpu_use_percent=310.4%
pair_time_s=2.8711
neigh_time_s=0
comm_time_s=0.16688
modify_time_s=0.5271
total_neighbors=5306040
neighbor_list_builds=0
wall_time_s=6.923326
