config=openmp-native
benchmark=argon_block
scenario=weak_n122_p1815848_rho0.8442_dt0.0000001_steps500_threads_r1_t56_bindclose
run_id=20260630_175500_weak_rep1
n_dim=122
atoms=1815848
rho=0.8442
steps=500
dt=0.0000001
ranks=1
threads=56
bind=close
loop_time_s=44.5964
timesteps_per_second=unknown
matom_step_per_second=20.359
cpu_use_percent=5570.3%
pair_time_s=31.358
neigh_time_s=0
comm_time_s=1.8599
modify_time_s=7.6744
total_neighbors=72633920
neighbor_list_builds=0
wall_time_s=54.962333
