config=intel-generic
benchmark=argon_block
scenario=weak_n114_p1481544_rho0.8442_dt0.005_steps500_mpi_r45_t1_bindclose
run_id=20260426_171954
n_dim=114
atoms=1481544
rho=0.8442
steps=500
dt=0.005
ranks=45
threads=1
bind=close
loop_time_s=6.96386
timesteps_per_second=unknown
matom_step_per_second=106.374
cpu_use_percent=99.9%
pair_time_s=3.5274
neigh_time_s=2.6827
comm_time_s=0.37448
modify_time_s=0.208
total_neighbors=55874636
neighbor_list_builds=85
wall_time_s=14.068789
