config=openmp-native
benchmark=argon_block
scenario=weak_n91_p753571_rho0.8442_dt0.0000001_steps500_threads_r1_t23_bindclose
run_id=20260630_175500_weak_rep1
n_dim=91
atoms=753571
rho=0.8442
steps=500
dt=0.0000001
ranks=1
threads=23
bind=close
loop_time_s=10.0708
timesteps_per_second=unknown
matom_step_per_second=37.414
cpu_use_percent=2284.1%
pair_time_s=5.6002
neigh_time_s=0
comm_time_s=0.86599
modify_time_s=2.1241
total_neighbors=30142840
neighbor_list_builds=0
wall_time_s=12.859774
