config=openmp-generic
benchmark=argon_block
scenario=strong_n160_p4096000_rho0.8442_dt0.005_steps200_threads_r1_t50_bindclose
run_id=20260426_185327
n_dim=160
atoms=4096000
rho=0.8442
steps=200
dt=0.005
ranks=1
threads=50
bind=close
loop_time_s=32.5224
timesteps_per_second=unknown
matom_step_per_second=25.189
cpu_use_percent=4975.7%
pair_time_s=14.56
neigh_time_s=4.9148
comm_time_s=3.8333
modify_time_s=6.1871
total_neighbors=1.5454584e+08
neighbor_list_builds=33
wall_time_s=50.474024
