config=openmp-native
benchmark=argon_block
scenario=strong_n100_p1000000_rho0.8442_dt0.0000001_steps500_threads_r1_t8_bindclose
run_id=20260630_175500_strong_rep3
n_dim=100
atoms=1000000
rho=0.8442
steps=500
dt=0.0000001
ranks=1
threads=8
bind=close
loop_time_s=13.9873
timesteps_per_second=unknown
matom_step_per_second=35.747
cpu_use_percent=795.7%
pair_time_s=9.2307
neigh_time_s=0
comm_time_s=1.0676
modify_time_s=1.8064
total_neighbors=40000000
neighbor_list_builds=0
wall_time_s=17.929997
