config=intel-native
benchmark=argon_block
scenario=strong_n100_p1000000_rho0.8442_dt0.0000001_steps500_threads_r1_t8_bindclose
run_id=20260426_174418
n_dim=100
atoms=1000000
rho=0.8442
steps=500
dt=0.0000001
ranks=1
threads=8
bind=close
loop_time_s=26.9966
timesteps_per_second=unknown
matom_step_per_second=18.521
cpu_use_percent=493.1%
pair_time_s=16.227
neigh_time_s=0
comm_time_s=1.2696
modify_time_s=6.9051
total_neighbors=40000000
neighbor_list_builds=0
wall_time_s=34.470171
