config=openmp-generic
benchmark=force_kernel_bench
scenario=n50_singlecore_steps100
run_id=20260426_183217
n_dim=50
atoms=125000
steps=100
pair_time_s=2.0512
neighbors_per_step=4712572
ns_per_interaction=4.35261254
interactions_per_second=229747075
wall_time_s=2.535069
