config=intel-native
benchmark=argon_block
scenario=strong_n100_p1000000_rho0.8442_dt0.005_steps500_mpi_r45_t1_bindclose
run_id=20260423_230021
n_dim=100
atoms=1000000
rho=0.8442
steps=500
dt=0.005
ranks=45
threads=1
bind=close
loop_time_s=2.72489
timesteps_per_second=unknown
matom_step_per_second=183.494
cpu_use_percent=99.9%
pair_time_s=1.6612
neigh_time_s=0.57252
comm_time_s=0.29099
modify_time_s=0.10094
total_neighbors=37710977
neighbor_list_builds=84
wall_time_s=8.925710
