config=openmp-native
benchmark=argon_block
scenario=strong_n100_p1000000_rho0.8442_dt0.0000001_steps500_threads_r1_t45_bindclose
run_id=20260423_232207
n_dim=100
atoms=1000000
rho=0.8442
steps=500
dt=0.0000001
ranks=1
threads=45
bind=close
loop_time_s=13.4201
timesteps_per_second=unknown
matom_step_per_second=37.258
cpu_use_percent=4471.8%
pair_time_s=6.8888
neigh_time_s=0
comm_time_s=1.149
modify_time_s=3.3549
total_neighbors=40000000
neighbor_list_builds=0
wall_time_s=17.526393
