config=intel-native
benchmark=argon_block
scenario=weak_n114_p1481544_rho0.8442_dt0.005_steps500_mpi_r45_t1_bindclose
run_id=20260423_230021
n_dim=114
atoms=1481544
rho=0.8442
steps=500
dt=0.005
ranks=45
threads=1
bind=close
loop_time_s=4.24657
timesteps_per_second=unknown
matom_step_per_second=174.440
cpu_use_percent=99.8%
pair_time_s=2.586
neigh_time_s=0.87849
comm_time_s=0.4363
modify_time_s=0.18762
total_neighbors=55874636
neighbor_list_builds=85
wall_time_s=11.265493
